Num,Num_Back,Num_SQ,NUM_BACK_SQ
0,11,11,121,121
1,12,21,144,441
2,13,31,169,961
3,21,12,441,144
4,22,22,484,484
5,31,13,961,169
6,101,101,10201,10201
7,102,201,10404,40401
8,103,301,10609,90601
9,111,111,12321,12321
10,112,211,12544,44521
11,113,311,12769,96721
12,121,121,14641,14641
13,122,221,14884,48841
14,201,102,40401,10404
15,202,202,40804,40804
16,211,112,44521,12544
17,212,212,44944,44944
18,221,122,48841,14884
19,301,103,90601,10609
20,311,113,96721,12769
21,1001,1001,1002001,1002001
22,1002,2001,1004004,4004001
23,1003,3001,1006009,9006001
24,1011,1101,1022121,1212201
25,1012,2101,1024144,4414201
26,1013,3101,1026169,9616201
27,1021,1201,1042441,1442401
28,1022,2201,1044484,4844401
29,1031,1301,1062961,1692601
30,1101,1011,1212201,1022121
31,1102,2011,1214404,4044121
32,1103,3011,1216609,9066121
33,1111,1111,1234321,1234321
34,1112,2111,1236544,4456321
35,1113,3111,1238769,9678321
36,1121,1211,1256641,1466521
37,1122,2211,1258884,4888521
38,1201,1021,1442401,1042441
39,1202,2021,1444804,4084441
40,1211,1121,1466521,1256641
41,1212,2121,1468944,4498641
42,1301,1031,1692601,1062961
43,2001,1002,4004001,1004004
44,2002,2002,4008004,4008004
45,2011,1102,4044121,1214404
46,2012,2102,4048144,4418404
47,2021,1202,4084441,1444804
48,2022,2202,4088484,4848804
49,2101,1012,4414201,1024144
50,2102,2012,4418404,4048144
51,2111,1112,4456321,1236544
52,2121,1212,4498641,1468944
53,2201,1022,4844401,1044484
54,2202,2022,4848804,4088484
55,2211,1122,4888521,1258884
56,3001,1003,9006001,1006009
57,3011,1103,9066121,1216609
58,3101,1013,9616201,1026169
59,3111,1113,9678321,1238769
60,10001,10001,100020001,100020001
61,10002,20001,100040004,400040001
62,10003,30001,100060009,900060001
63,10011,11001,100220121,121022001
64,10012,21001,100240144,441042001
65,10013,31001,100260169,961062001
66,10021,12001,100420441,144024001
67,10022,22001,100440484,484044001
68,10031,13001,100620961,169026001
69,10101,10101,102030201,102030201
70,10102,20101,102050404,404050201
71,10103,30101,102070609,906070201
72,10111,11101,102232321,123232201
73,10112,21101,102252544,445252201
74,10113,31101,102272769,967272201
75,10121,12101,102434641,146434201
76,10122,22101,102454884,488454201
77,10201,10201,104060401,104060401
78,10202,20201,104080804,408080401
79,10211,11201,104264521,125462401
80,10212,21201,104284944,449482401
81,10221,12201,104468841,148864401
82,11001,10011,121022001,100220121
83,11002,20011,121044004,400440121
84,11003,30011,121066009,900660121
85,11011,11011,121242121,121242121
86,11012,21011,121264144,441462121
87,11013,31011,121286169,961682121
88,11021,12011,121462441,144264121
89,11022,22011,121484484,484484121
90,11031,13011,121682961,169286121
91,11101,10111,123232201,102232321
92,11102,20111,123254404,404452321
93,11103,30111,123276609,906672321
94,11111,11111,123454321,123454321
95,11112,21111,123476544,445674321
96,11113,31111,123498769,967894321
97,11121,12111,123676641,146676321
98,11122,22111,123698884,488896321
99,11201,10211,125462401,104264521
100,11202,20211,125484804,408484521
101,11211,11211,125686521,125686521
102,12001,10021,144024001,100420441
103,12002,20021,144048004,400840441
104,12011,11021,144264121,121462441
105,12012,21021,144288144,441882441
106,12101,10121,146434201,102434641
107,12102,20121,146458404,404854641
108,12111,11121,146676321,123676641
109,12201,10221,148864401,104468841
110,12202,20221,148888804,408888841
111,13001,10031,169026001,100620961
112,13011,11031,169286121,121682961
113,20001,10002,400040001,100040004
114,20002,20002,400080004,400080004
115,20011,11002,400440121,121044004
116,20012,21002,400480144,441084004
117,20021,12002,400840441,144048004
118,20022,22002,400880484,484088004
119,20101,10102,404050201,102050404
120,20102,20102,404090404,404090404
121,20111,11102,404452321,123254404
122,20112,21102,404492544,445294404
123,20121,12102,404854641,146458404
124,20122,22102,404894884,488498404
125,20201,10202,408080401,104080804
126,20211,11202,408484521,125484804
127,20221,12202,408888841,148888804
128,21001,10012,441042001,100240144
129,21002,20012,441084004,400480144
130,21011,11012,441462121,121264144
131,21021,12012,441882441,144288144
132,21101,10112,445252201,102252544
133,21102,20112,445294404,404492544
134,21111,11112,445674321,123476544
135,21201,10212,449482401,104284944
136,22001,10022,484044001,100440484
137,22002,20022,484088004,400880484
138,22011,11022,484484121,121484484
139,22101,10122,488454201,102454884
140,22102,20122,488498404,404894884
141,22111,11122,488896321,123698884
142,30001,10003,900060001,100060009
143,30011,11003,900660121,121066009
144,30101,10103,906070201,102070609
145,30111,11103,906672321,123276609
146,31001,10013,961062001,100260169
147,31011,11013,961682121,121286169
148,31101,10113,967272201,102272769
149,31111,11113,967894321,123498769
150,100001,100001,10000200001,10000200001
151,100002,200001,10000400004,40000400001
152,100003,300001,10000600009,90000600001
153,100011,110001,10002200121,12100220001
154,100012,210001,10002400144,44100420001
155,100013,310001,10002600169,96100620001
156,100021,120001,10004200441,14400240001
157,100022,220001,10004400484,48400440001
158,100031,130001,10006200961,16900260001
159,100101,101001,10020210201,10201202001
160,100102,201001,10020410404,40401402001
161,100103,301001,10020610609,90601602001
162,100111,111001,10022212321,12321222001
163,100112,211001,10022412544,44521422001
164,100113,311001,10022612769,96721622001
165,100121,121001,10024214641,14641242001
166,100122,221001,10024414884,48841442001
167,100201,102001,10040240401,10404204001
168,100202,202001,10040440804,40804404001
169,100211,112001,10042244521,12544224001
170,100212,212001,10042444944,44944424001
171,100221,122001,10044248841,14884244001
172,100301,103001,10060290601,10609206001
173,100311,113001,10062296721,12769226001
174,101001,100101,10201202001,10020210201
175,101002,200101,10201404004,40040410201
176,101003,300101,10201606009,90060610201
177,101011,110101,10203222121,12122230201
178,101012,210101,10203424144,44142430201
179,101013,310101,10203626169,96162630201
180,101021,120101,10205242441,14424250201
181,101022,220101,10205444484,48444450201
182,101031,130101,10207262961,16926270201
183,101101,101101,10221412201,10221412201
184,101102,201101,10221614404,40441612201
185,101103,301101,10221816609,90661812201
186,101111,111101,10223434321,12343432201
187,101112,211101,10223636544,44563632201
188,101113,311101,10223838769,96783832201
189,101121,121101,10225456641,14665452201
190,101122,221101,10225658884,48885652201
191,101201,102101,10241642401,10424614201
192,101202,202101,10241844804,40844814201
193,101211,112101,10243666521,12566634201
194,101212,212101,10243868944,44986834201
195,101301,103101,10261892601,10629816201
196,102001,100201,10404204001,10040240401
197,102002,200201,10404408004,40080440401
198,102011,110201,10406244121,12144260401
199,102012,210201,10406448144,44184460401
200,102021,120201,10408284441,14448280401
201,102022,220201,10408488484,48488480401
202,102101,101201,10424614201,10241642401
203,102102,201201,10424818404,40481842401
204,102111,111201,10426656321,12365662401
205,102121,121201,10428698641,14689682401
206,103001,100301,10609206001,10060290601
207,103101,101301,10629816201,10261892601
208,110001,100011,12100220001,10002200121
209,110002,200011,12100440004,40004400121
210,110003,300011,12100660009,90006600121
211,110011,110011,12102420121,12102420121
212,110012,210011,12102640144,44104620121
213,110013,310011,12102860169,96106820121
214,110021,120011,12104620441,14402640121
215,110022,220011,12104840484,48404840121
216,110031,130011,12106820961,16902860121
217,110101,101011,12122230201,10203222121
218,110102,201011,12122450404,40405422121
219,110103,301011,12122670609,90607622121
220,110111,111011,12124432321,12323442121
221,110112,211011,12124652544,44525642121
222,110113,311011,12124872769,96727842121
223,110121,121011,12126634641,14643662121
224,110122,221011,12126854884,48845862121
225,110201,102011,12144260401,10406244121
226,110202,202011,12144480804,40808444121
227,110211,112011,12146464521,12546464121
228,110212,212011,12146684944,44948664121
229,110221,122011,12148668841,14886684121
230,111001,100111,12321222001,10022212321
231,111002,200111,12321444004,40044412321
232,111003,300111,12321666009,90066612321
233,111011,110111,12323442121,12124432321
234,111012,210111,12323664144,44146632321
235,111013,310111,12323886169,96168832321
236,111021,120111,12325662441,14426652321
237,111022,220111,12325884484,48448852321
238,111031,130111,12327882961,16928872321
239,111101,101111,12343432201,10223434321
240,111102,201111,12343654404,40445634321
241,111103,301111,12343876609,90667834321
242,111111,111111,12345654321,12345654321
243,111112,211111,12345876544,44567854321
244,111121,121111,12347876641,14667874321
245,111201,102111,12365662401,10426656321
246,111202,202111,12365884804,40848856321
247,111211,112111,12367886521,12568876321
248,112001,100211,12544224001,10042244521
249,112002,200211,12544448004,40084444521
250,112011,110211,12546464121,12146464521
251,112012,210211,12546688144,44188664521
252,112101,101211,12566634201,10243666521
253,112102,201211,12566858404,40485866521
254,112111,111211,12568876321,12367886521
255,113001,100311,12769226001,10062296721
256,120001,100021,14400240001,10004200441
257,120002,200021,14400480004,40008400441
258,120011,110021,14402640121,12104620441
259,120012,210021,14402880144,44108820441
260,120101,101021,14424250201,10205242441
261,120102,201021,14424490404,40409442441
262,120111,111021,14426652321,12325662441
263,120112,211021,14426892544,44529862441
264,120201,102021,14448280401,10408284441
265,121001,100121,14641242001,10024214641
266,121002,200121,14641484004,40048414641
267,121011,110121,14643662121,12126634641
268,121101,101121,14665452201,10225456641
269,121102,201121,14665694404,40449656641
270,121111,111121,14667874321,12347876641
271,121201,102121,14689682401,10428698641
272,122001,100221,14884244001,10044248841
273,122002,200221,14884488004,40088448841
274,122011,110221,14886684121,12148668841
275,130001,100031,16900260001,10006200961
276,130011,110031,16902860121,12106820961
277,130101,101031,16926270201,10207262961
278,130111,111031,16928872321,12327882961
279,200001,100002,40000400001,10000400004
280,200002,200002,40000800004,40000800004
281,200011,110002,40004400121,12100440004
282,200012,210002,40004800144,44100840004
283,200021,120002,40008400441,14400480004
284,200022,220002,40008800484,48400880004
285,200101,101002,40040410201,10201404004
286,200102,201002,40040810404,40401804004
287,200111,111002,40044412321,12321444004
288,200112,211002,40044812544,44521844004
289,200121,121002,40048414641,14641484004
290,200122,221002,40048814884,48841884004
291,200201,102002,40080440401,10404408004
292,200202,202002,40080840804,40804808004
293,200211,112002,40084444521,12544448004
294,200212,212002,40084844944,44944848004
295,200221,122002,40088448841,14884488004
296,201001,100102,40401402001,10020410404
297,201002,200102,40401804004,40040810404
298,201011,110102,40405422121,12122450404
299,201012,210102,40405824144,44142850404
300,201021,120102,40409442441,14424490404
301,201022,220102,40409844484,48444890404
302,201101,101102,40441612201,10221614404
303,201111,111102,40445634321,12343654404
304,201121,121102,40449656641,14665694404
305,201201,102102,40481842401,10424818404
306,201211,112102,40485866521,12566858404
307,202001,100202,40804404001,10040440804
308,202002,200202,40804808004,40080840804
309,202011,110202,40808444121,12144480804
310,202012,210202,40808848144,44184880804
311,202101,101202,40844814201,10241844804
312,202111,111202,40848856321,12365884804
313,210001,100012,44100420001,10002400144
314,210002,200012,44100840004,40004800144
315,210011,110012,44104620121,12102640144
316,210021,120012,44108820441,14402880144
317,210101,101012,44142430201,10203424144
318,210102,201012,44142850404,40405824144
319,210111,111012,44146632321,12323664144
320,210201,102012,44184460401,10406448144
321,210202,202012,44184880804,40808848144
322,210211,112012,44188664521,12546688144
323,211001,100112,44521422001,10022412544
324,211002,200112,44521844004,40044812544
325,211011,110112,44525642121,12124652544
326,211021,120112,44529862441,14426892544
327,211101,101112,44563632201,10223636544
328,211111,111112,44567854321,12345876544
329,212001,100212,44944424001,10042444944
330,212002,200212,44944848004,40084844944
331,212011,110212,44948664121,12146684944
332,212101,101212,44986834201,10243868944
333,220001,100022,48400440001,10004400484
334,220002,200022,48400880004,40008800484
335,220011,110022,48404840121,12104840484
336,220101,101022,48444450201,10205444484
337,220102,201022,48444890404,40409844484
338,220111,111022,48448852321,12325884484
339,220201,102022,48488480401,10408488484
340,221001,100122,48841442001,10024414884
341,221002,200122,48841884004,40048814884
342,221011,110122,48845862121,12126854884
343,221101,101122,48885652201,10225658884
344,300001,100003,90000600001,10000600009
345,300011,110003,90006600121,12100660009
346,300101,101003,90060610201,10201606009
347,300111,111003,90066612321,12321666009
348,301001,100103,90601602001,10020610609
349,301011,110103,90607622121,12122670609
350,301101,101103,90661812201,10221816609
351,301111,111103,90667834321,12343876609
352,310001,100013,96100620001,10002600169
353,310011,110013,96106820121,12102860169
354,310101,101013,96162630201,10203626169
355,310111,111013,96168832321,12323886169
356,311001,100113,96721622001,10022612769
357,311011,110113,96727842121,12124872769
358,311101,101113,96783832201,10223838769
359,1000001,1000001,1000002000001,1000002000001
360,1000002,2000001,1000004000004,4000004000001
361,1000003,3000001,1000006000009,9000006000001
362,1000011,1100001,1000022000121,1210002200001
363,1000012,2100001,1000024000144,4410004200001
364,1000013,3100001,1000026000169,9610006200001
365,1000021,1200001,1000042000441,1440002400001
366,1000022,2200001,1000044000484,4840004400001
367,1000031,1300001,1000062000961,1690002600001
368,1000101,1010001,1000202010201,1020102020001
369,1000102,2010001,1000204010404,4040104020001
370,1000103,3010001,1000206010609,9060106020001
371,1000111,1110001,1000222012321,1232102220001
372,1000112,2110001,1000224012544,4452104220001
373,1000113,3110001,1000226012769,9672106220001
374,1000121,1210001,1000242014641,1464102420001
375,1000122,2210001,1000244014884,4884104420001
376,1000201,1020001,1000402040401,1040402040001
377,1000202,2020001,1000404040804,4080404040001
378,1000211,1120001,1000422044521,1254402240001
379,1000212,2120001,1000424044944,4494404240001
380,1000221,1220001,1000442048841,1488402440001
381,1000301,1030001,1000602090601,1060902060001
382,1000311,1130001,1000622096721,1276902260001
383,1001001,1001001,1002003002001,1002003002001
384,1001002,2001001,1002005004004,4004005002001
385,1001003,3001001,1002007006009,9006007002001
386,1001011,1101001,1002023022121,1212203202001
387,1001012,2101001,1002025024144,4414205202001
388,1001013,3101001,1002027026169,9616207202001
389,1001021,1201001,1002043042441,1442403402001
390,1001022,2201001,1002045044484,4844405402001
391,1001031,1301001,1002063062961,1692603602001
392,1001101,1011001,1002203212201,1022123022001
393,1001102,2011001,1002205214404,4044125022001
394,1001103,3011001,1002207216609,9066127022001
395,1001111,1111001,1002223234321,1234323222001
396,1001112,2111001,1002225236544,4456325222001
397,1001113,3111001,1002227238769,9678327222001
398,1001121,1211001,1002243256641,1466523422001
399,1001122,2211001,1002245258884,4888525422001
400,1001201,1021001,1002403442401,1042443042001
401,1001202,2021001,1002405444804,4084445042001
402,1001211,1121001,1002423466521,1256643242001
403,1001212,2121001,1002425468944,4498645242001
404,1001301,1031001,1002603692601,1062963062001
405,1002001,1002001,1004006004001,1004006004001
406,1002002,2002001,1004008008004,4008008004001
407,1002011,1102001,1004026044121,1214406204001
408,1002012,2102001,1004028048144,4418408204001
409,1002021,1202001,1004046084441,1444806404001
410,1002022,2202001,1004048088484,4848808404001
411,1002101,1012001,1004206414201,1024146024001
412,1002102,2012001,1004208418404,4048148024001
413,1002111,1112001,1004226456321,1236546224001
414,1002121,1212001,1004246498641,1468946424001
415,1002201,1022001,1004406844401,1044486044001
416,1002202,2022001,1004408848804,4088488044001
417,1002211,1122001,1004426888521,1258886244001
418,1010001,1000101,1020102020001,1000202010201
419,1010002,2000101,1020104040004,4000404010201
420,1010003,3000101,1020106060009,9000606010201
421,1010011,1100101,1020122220121,1210222210201
422,1010012,2100101,1020124240144,4410424210201
423,1010013,3100101,1020126260169,9610626210201
424,1010021,1200101,1020142420441,1440242410201
425,1010022,2200101,1020144440484,4840444410201
426,1010031,1300101,1020162620961,1690262610201
427,1010101,1010101,1020304030201,1020304030201
428,1010102,2010101,1020306050404,4040506030201
429,1010103,3010101,1020308070609,9060708030201
430,1010111,1110101,1020324232321,1232324230201
431,1010112,2110101,1020326252544,4452526230201
432,1010113,3110101,1020328272769,9672728230201
433,1010121,1210101,1020344434641,1464344430201
434,1010122,2210101,1020346454884,4884546430201
435,1010201,1020101,1020506060401,1040606050201
436,1010202,2020101,1020508080804,4080808050201
437,1010211,1120101,1020526264521,1254626250201
438,1010212,2120101,1020528284944,4494828250201
439,1010221,1220101,1020546468841,1488646450201
440,1011001,1001101,1022123022001,1002203212201
441,1011002,2001101,1022125044004,4004405212201
442,1011003,3001101,1022127066009,9006607212201
443,1011011,1101101,1022143242121,1212423412201
444,1011012,2101101,1022145264144,4414625412201
445,1011013,3101101,1022147286169,9616827412201
446,1011021,1201101,1022163462441,1442643612201
447,1011022,2201101,1022165484484,4844845612201
448,1011031,1301101,1022183682961,1692863812201
449,1011101,1011101,1022325232201,1022325232201
450,1011102,2011101,1022327254404,4044527232201
451,1011103,3011101,1022329276609,9066729232201
452,1011111,1111101,1022345454321,1234545432201
453,1011112,2111101,1022347476544,4456747432201
454,1011113,3111101,1022349498769,9678949432201
455,1011121,1211101,1022365676641,1466765632201
456,1011122,2211101,1022367698884,4888967632201
457,1011201,1021101,1022527462401,1042647252201
458,1011202,2021101,1022529484804,4084849252201
459,1011211,1121101,1022547686521,1256867452201
460,1012001,1002101,1024146024001,1004206414201
461,1012002,2002101,1024148048004,4008408414201
462,1012011,1102101,1024166264121,1214626614201
463,1012012,2102101,1024168288144,4418828614201
464,1012101,1012101,1024348434201,1024348434201
465,1012111,1112101,1024368676321,1236768634201
466,1020001,1000201,1040402040001,1000402040401
467,1020002,2000201,1040404080004,4000804040401
468,1020011,1100201,1040422440121,1210442240401
469,1020012,2100201,1040424480144,4410844240401
470,1020021,1200201,1040442840441,1440482440401
471,1020022,2200201,1040444880484,4840884440401
472,1020101,1010201,1040606050201,1020506060401
473,1020102,2010201,1040608090404,4040908060401
474,1020111,1110201,1040626452321,1232546260401
475,1020112,2110201,1040628492544,4452948260401
476,1020121,1210201,1040646854641,1464586460401
477,1020122,2210201,1040648894884,4884988460401
478,1021001,1001201,1042443042001,1002403442401
479,1021002,2001201,1042445084004,4004805442401
480,1021011,1101201,1042463462121,1212643642401
481,1021021,1201201,1042483882441,1442883842401
482,1021101,1011201,1042647252201,1022527462401
483,1021102,2011201,1042649294404,4044929462401
484,1021111,1111201,1042667674321,1234767662401
485,1022001,1002201,1044486044001,1004406844401
486,1022002,2002201,1044488088004,4008808844401
487,1030001,1000301,1060902060001,1000602090601
488,1030011,1100301,1060922660121,1210662290601
489,1031001,1001301,1062963062001,1002603692601
490,1031011,1101301,1062983682121,1212863892601
491,1100001,1000011,1210002200001,1000022000121
492,1100002,2000011,1210004400004,4000044000121
493,1100003,3000011,1210006600009,9000066000121
494,1100011,1100011,1210024200121,1210024200121
495,1100012,2100011,1210026400144,4410046200121
496,1100013,3100011,1210028600169,9610068200121
497,1100021,1200011,1210046200441,1440026400121
498,1100022,2200011,1210048400484,4840048400121
499,1100031,1300011,1210068200961,1690028600121
500,1100101,1010011,1210222210201,1020122220121
501,1100102,2010011,1210224410404,4040144220121
502,1100103,3010011,1210226610609,9060166220121
503,1100111,1110011,1210244212321,1232124420121
504,1100112,2110011,1210246412544,4452146420121
505,1100113,3110011,1210248612769,9672168420121
506,1100121,1210011,1210266214641,1464126620121
507,1100122,2210011,1210268414884,4884148620121
508,1100201,1020011,1210442240401,1040422440121
509,1100202,2020011,1210444440804,4080444440121
510,1100211,1120011,1210464244521,1254424640121
511,1100212,2120011,1210466444944,4494446640121
512,1100221,1220011,1210486248841,1488426840121
513,1100301,1030011,1210662290601,1060922660121
514,1100311,1130011,1210684296721,1276924860121
515,1101001,1001011,1212203202001,1002023022121
516,1101002,2001011,1212205404004,4004045022121
517,1101003,3001011,1212207606009,9006067022121
518,1101011,1101011,1212225222121,1212225222121
519,1101012,2101011,1212227424144,4414247222121
520,1101013,3101011,1212229626169,9616269222121
521,1101021,1201011,1212247242441,1442427422121
522,1101022,2201011,1212249444484,4844449422121
523,1101031,1301011,1212269262961,1692629622121
524,1101101,1011011,1212423412201,1022143242121
525,1101102,2011011,1212425614404,4044165242121
526,1101103,3011011,1212427816609,9066187242121
527,1101111,1111011,1212445434321,1234345442121
528,1101112,2111011,1212447636544,4456367442121
529,1101113,3111011,1212449838769,9678389442121
530,1101121,1211011,1212467456641,1466547642121
531,1101122,2211011,1212469658884,4888569642121
532,1101201,1021011,1212643642401,1042463462121
533,1101202,2021011,1212645844804,4084485462121
534,1101211,1121011,1212665666521,1256665662121
535,1101212,2121011,1212667868944,4498687662121
536,1101301,1031011,1212863892601,1062983682121
537,1102001,1002011,1214406204001,1004026044121
538,1102002,2002011,1214408408004,4008048044121
539,1102011,1102011,1214428244121,1214428244121
540,1102101,1012011,1214626614201,1024166264121
541,1102102,2012011,1214628818404,4048188264121
542,1102111,1112011,1214648656321,1236568464121
543,1110001,1000111,1232102220001,1000222012321
544,1110002,2000111,1232104440004,4000444012321
545,1110003,3000111,1232106660009,9000666012321
546,1110011,1100111,1232124420121,1210244212321
547,1110012,2100111,1232126640144,4410466212321
548,1110013,3100111,1232128860169,9610688212321
549,1110021,1200111,1232146620441,1440266412321
550,1110022,2200111,1232148840484,4840488412321
551,1110031,1300111,1232168820961,1690288612321
552,1110101,1010111,1232324230201,1020324232321
553,1110102,2010111,1232326450404,4040546232321
554,1110103,3010111,1232328670609,9060768232321
555,1110111,1110111,1232346432321,1232346432321
556,1110112,2110111,1232348652544,4452568432321
557,1110121,1210111,1232368634641,1464368632321
558,1110201,1020111,1232546260401,1040626452321
559,1110202,2020111,1232548480804,4080848452321
560,1110211,1120111,1232568464521,1254648652321
561,1111001,1001111,1234323222001,1002223234321
562,1111002,2001111,1234325444004,4004445234321
563,1111003,3001111,1234327666009,9006667234321
564,1111011,1101111,1234345442121,1212445434321
565,1111012,2101111,1234347664144,4414667434321
566,1111013,3101111,1234349886169,9616889434321
567,1111021,1201111,1234367662441,1442667634321
568,1111022,2201111,1234369884484,4844889634321
569,1111031,1301111,1234389882961,1692889834321
570,1111101,1011111,1234545432201,1022345454321
571,1111102,2011111,1234547654404,4044567454321
572,1111103,3011111,1234549876609,9066789454321
573,1111111,1111111,1234567654321,1234567654321
574,1111112,2111111,1234569876544,4456789654321
575,1111121,1211111,1234589876641,1466789854321
576,1111201,1021111,1234767662401,1042667674321
577,1111202,2021111,1234769884804,4084889674321
578,1111211,1121111,1234789886521,1256889874321
579,1112001,1002111,1236546224001,1004226456321
580,1112002,2002111,1236548448004,4008448456321
581,1112011,1102111,1236568464121,1214648656321
582,1112101,1012111,1236768634201,1024368676321
583,1120001,1000211,1254402240001,1000422044521
584,1120002,2000211,1254404480004,4000844044521
585,1120011,1100211,1254424640121,1210464244521
586,1120012,2100211,1254426880144,4410886244521
587,1120101,1010211,1254626250201,1020526264521
588,1120102,2010211,1254628490404,4040948264521
589,1120111,1110211,1254648652321,1232568464521
590,1121001,1001211,1256643242001,1002423466521
591,1121002,2001211,1256645484004,4004845466521
592,1121011,1101211,1256665662121,1212665666521
593,1121101,1011211,1256867452201,1022547686521
594,1121102,2011211,1256869694404,4044969686521
595,1121111,1111211,1256889874321,1234789886521
596,1122001,1002211,1258886244001,1004426888521
597,1122002,2002211,1258888488004,4008848888521
598,1130001,1000311,1276902260001,1000622096721
599,1130011,1100311,1276924860121,1210684296721
600,1200001,1000021,1440002400001,1000042000441
601,1200002,2000021,1440004800004,4000084000441
602,1200011,1100021,1440026400121,1210046200441
603,1200012,2100021,1440028800144,4410088200441
604,1200101,1010021,1440242410201,1020142420441
605,1200102,2010021,1440244810404,4040184420441
606,1200111,1110021,1440266412321,1232146620441
607,1200112,2110021,1440268812544,4452188620441
608,1200201,1020021,1440482440401,1040442840441
609,1200202,2020021,1440484840804,4080484840441
610,1201001,1001021,1442403402001,1002043042441
611,1201002,2001021,1442405804004,4004085042441
612,1201011,1101021,1442427422121,1212247242441
613,1201012,2101021,1442429824144,4414289242441
614,1201101,1011021,1442643612201,1022163462441
615,1201111,1111021,1442667634321,1234367662441
616,1201201,1021021,1442883842401,1042483882441
617,1202001,1002021,1444806404001,1004046084441
618,1202002,2002021,1444808808004,4008088084441
619,1210001,1000121,1464102420001,1000242014641
620,1210002,2000121,1464104840004,4000484014641
621,1210011,1100121,1464126620121,1210266214641
622,1210101,1010121,1464344430201,1020344434641
623,1210102,2010121,1464346850404,4040586434641
624,1210111,1110121,1464368632321,1232368634641
625,1210201,1020121,1464586460401,1040646854641
626,1210202,2020121,1464588880804,4080888854641
627,1211001,1001121,1466523422001,1002243256641
628,1211002,2001121,1466525844004,4004485256641
629,1211011,1101121,1466547642121,1212467456641
630,1211101,1011121,1466765632201,1022365676641
631,1211111,1111121,1466789854321,1234589876641
632,1212001,1002121,1468946424001,1004246498641
633,1212002,2002121,1468948848004,4008488498641
634,1220001,1000221,1488402440001,1000442048841
635,1220002,2000221,1488404880004,4000884048841
636,1220011,1100221,1488426840121,1210486248841
637,1220101,1010221,1488646450201,1020546468841
638,1220102,2010221,1488648890404,4040988468841
639,1300001,1000031,1690002600001,1000062000961
640,1300011,1100031,1690028600121,1210068200961
641,1300101,1010031,1690262610201,1020162620961
642,1300111,1110031,1690288612321,1232168820961
643,1301001,1001031,1692603602001,1002063062961
644,1301011,1101031,1692629622121,1212269262961
645,1301101,1011031,1692863812201,1022183682961
646,1301111,1111031,1692889834321,1234389882961
647,2000001,1000002,4000004000001,1000004000004
648,2000002,2000002,4000008000004,4000008000004
649,2000011,1100002,4000044000121,1210004400004
650,2000012,2100002,4000048000144,4410008400004
651,2000021,1200002,4000084000441,1440004800004
652,2000022,2200002,4000088000484,4840008800004
653,2000101,1010002,4000404010201,1020104040004
654,2000102,2010002,4000408010404,4040108040004
655,2000111,1110002,4000444012321,1232104440004
656,2000112,2110002,4000448012544,4452108440004
657,2000121,1210002,4000484014641,1464104840004
658,2000122,2210002,4000488014884,4884108840004
659,2000201,1020002,4000804040401,1040404080004
660,2000202,2020002,4000808040804,4080408080004
661,2000211,1120002,4000844044521,1254404480004
662,2000212,2120002,4000848044944,4494408480004
663,2000221,1220002,4000884048841,1488404880004
664,2001001,1001002,4004005002001,1002005004004
665,2001002,2001002,4004009004004,4004009004004
666,2001011,1101002,4004045022121,1212205404004
667,2001012,2101002,4004049024144,4414209404004
668,2001021,1201002,4004085042441,1442405804004
669,2001022,2201002,4004089044484,4844409804004
670,2001101,1011002,4004405212201,1022125044004
671,2001102,2011002,4004409214404,4044129044004
672,2001111,1111002,4004445234321,1234325444004
673,2001112,2111002,4004449236544,4456329444004
674,2001121,1211002,4004485256641,1466525844004
675,2001122,2211002,4004489258884,4888529844004
676,2001201,1021002,4004805442401,1042445084004
677,2001202,2021002,4004809444804,4084449084004
678,2001211,1121002,4004845466521,1256645484004
679,2001212,2121002,4004849468944,4498649484004
680,2002001,1002002,4008008004001,1004008008004
681,2002011,1102002,4008048044121,1214408408004
682,2002021,1202002,4008088084441,1444808808004
683,2002101,1012002,4008408414201,1024148048004
684,2002111,1112002,4008448456321,1236548448004
685,2002121,1212002,4008488498641,1468948848004
686,2002201,1022002,4008808844401,1044488088004
687,2002211,1122002,4008848888521,1258888488004
688,2010001,1000102,4040104020001,1000204010404
689,2010002,2000102,4040108040004,4000408010404
690,2010011,1100102,4040144220121,1210224410404
691,2010012,2100102,4040148240144,4410428410404
692,2010021,1200102,4040184420441,1440244810404
693,2010022,2200102,4040188440484,4840448810404
694,2010101,1010102,4040506030201,1020306050404
695,2010111,1110102,4040546232321,1232326450404
696,2010121,1210102,4040586434641,1464346850404
697,2010201,1020102,4040908060401,1040608090404
698,2010211,1120102,4040948264521,1254628490404
699,2010221,1220102,4040988468841,1488648890404
700,2011001,1001102,4044125022001,1002205214404
701,2011002,2001102,4044129044004,4004409214404
702,2011011,1101102,4044165242121,1212425614404
703,2011012,2101102,4044169264144,4414629614404
704,2011101,1011102,4044527232201,1022327254404
705,2011111,1111102,4044567454321,1234547654404
706,2011201,1021102,4044929462401,1042649294404
707,2011211,1121102,4044969686521,1256869694404
708,2012001,1002102,4048148024001,1004208418404
709,2012011,1102102,4048188264121,1214628818404
710,2020001,1000202,4080404040001,1000404040804
711,2020002,2000202,4080408080004,4000808040804
712,2020011,1100202,4080444440121,1210444440804
713,2020012,2100202,4080448480144,4410848440804
714,2020021,1200202,4080484840441,1440484840804
715,2020022,2200202,4080488880484,4840888840804
716,2020101,1010202,4080808050201,1020508080804
717,2020111,1110202,4080848452321,1232548480804
718,2020121,1210202,4080888854641,1464588880804
719,2021001,1001202,4084445042001,1002405444804
720,2021002,2001202,4084449084004,4004809444804
721,2021011,1101202,4084485462121,1212645844804
722,2021101,1011202,4084849252201,1022529484804
723,2021111,1111202,4084889674321,1234769884804
724,2022001,1002202,4088488044001,1004408848804
725,2100001,1000012,4410004200001,1000024000144
726,2100002,2000012,4410008400004,4000048000144
727,2100011,1100012,4410046200121,1210026400144
728,2100021,1200012,4410088200441,1440028800144
729,2100101,1010012,4410424210201,1020124240144
730,2100102,2010012,4410428410404,4040148240144
731,2100111,1110012,4410466212321,1232126640144
732,2100201,1020012,4410844240401,1040424480144
733,2100202,2020012,4410848440804,4080448480144
734,2100211,1120012,4410886244521,1254426880144
735,2101001,1001012,4414205202001,1002025024144
736,2101002,2001012,4414209404004,4004049024144
737,2101011,1101012,4414247222121,1212227424144
738,2101021,1201012,4414289242441,1442429824144
739,2101101,1011012,4414625412201,1022145264144
740,2101102,2011012,4414629614404,4044169264144
741,2101111,1111012,4414667434321,1234347664144
742,2102001,1002012,4418408204001,1004028048144
743,2102101,1012012,4418828614201,1024168288144
744,2110001,1000112,4452104220001,1000224012544
745,2110002,2000112,4452108440004,4000448012544
746,2110011,1100112,4452146420121,1210246412544
747,2110021,1200112,4452188620441,1440268812544
748,2110101,1010112,4452526230201,1020326252544
749,2110111,1110112,4452568432321,1232348652544
750,2110201,1020112,4452948260401,1040628492544
751,2111001,1001112,4456325222001,1002225236544
752,2111002,2001112,4456329444004,4004449236544
753,2111011,1101112,4456367442121,1212447636544
754,2111101,1011112,4456747432201,1022347476544
755,2111111,1111112,4456789654321,1234569876544
756,2120001,1000212,4494404240001,1000424044944
757,2120002,2000212,4494408480004,4000848044944
758,2120011,1100212,4494446640121,1210466444944
759,2120101,1010212,4494828250201,1020528284944
760,2121001,1001212,4498645242001,1002425468944
761,2121002,2001212,4498649484004,4004849468944
762,2121011,1101212,4498687662121,1212667868944
763,2200001,1000022,4840004400001,1000044000484
764,2200002,2000022,4840008800004,4000088000484
765,2200011,1100022,4840048400121,1210048400484
766,2200101,1010022,4840444410201,1020144440484
767,2200102,2010022,4840448810404,4040188440484
768,2200111,1110022,4840488412321,1232148840484
769,2200201,1020022,4840884440401,1040444880484
770,2200202,2020022,4840888840804,4080488880484
771,2201001,1001022,4844405402001,1002045044484
772,2201002,2001022,4844409804004,4004089044484
773,2201011,1101022,4844449422121,1212249444484
774,2201101,1011022,4844845612201,1022165484484
775,2201111,1111022,4844889634321,1234369884484
776,2202001,1002022,4848808404001,1004048088484
777,2210001,1000122,4884104420001,1000244014884
778,2210002,2000122,4884108840004,4000488014884
779,2210011,1100122,4884148620121,1210268414884
780,2210101,1010122,4884546430201,1020346454884
781,2210201,1020122,4884988460401,1040648894884
782,2211001,1001122,4888525422001,1002245258884
783,2211002,2001122,4888529844004,4004489258884
784,2211011,1101122,4888569642121,1212469658884
785,2211101,1011122,4888967632201,1022367698884
786,3000001,1000003,9000006000001,1000006000009
787,3000011,1100003,9000066000121,1210006600009
788,3000101,1010003,9000606010201,1020106060009
789,3000111,1110003,9000666012321,1232106660009
790,3001001,1001003,9006007002001,1002007006009
791,3001011,1101003,9006067022121,1212207606009
792,3001101,1011003,9006607212201,1022127066009
793,3001111,1111003,9006667234321,1234327666009
794,3010001,1000103,9060106020001,1000206010609
795,3010011,1100103,9060166220121,1210226610609
796,3010101,1010103,9060708030201,1020308070609
797,3010111,1110103,9060768232321,1232328670609
798,3011001,1001103,9066127022001,1002207216609
799,3011011,1101103,9066187242121,1212427816609
800,3011101,1011103,9066729232201,1022329276609
801,3011111,1111103,9066789454321,1234549876609
802,3100001,1000013,9610006200001,1000026000169
803,3100011,1100013,9610068200121,1210028600169
804,3100101,1010013,9610626210201,1020126260169
805,3100111,1110013,9610688212321,1232128860169
806,3101001,1001013,9616207202001,1002027026169
807,3101011,1101013,9616269222121,1212229626169
808,3101101,1011013,9616827412201,1022147286169
809,3101111,1111013,9616889434321,1234349886169
810,3110001,1000113,9672106220001,1000226012769
811,3110011,1100113,9672168420121,1210248612769
812,3110101,1010113,9672728230201,1020328272769
813,3111001,1001113,9678327222001,1002227238769
814,3111011,1101113,9678389442121,1212449838769
815,3111101,1011113,9678949432201,1022349498769
816,10000001,10000001,100000020000001,100000020000001
817,10000002,20000001,100000040000004,400000040000001
818,10000003,30000001,100000060000009,900000060000001
819,10000011,11000001,100000220000121,121000022000001
820,10000012,21000001,100000240000144,441000042000001
821,10000013,31000001,100000260000169,961000062000001
822,10000021,12000001,100000420000441,144000024000001
823,10000022,22000001,100000440000484,484000044000001
824,10000031,13000001,100000620000961,169000026000001
825,10000101,10100001,100002020010201,102010020200001
826,10000102,20100001,100002040010404,404010040200001
827,10000103,30100001,100002060010609,906010060200001
828,10000111,11100001,100002220012321,123210022200001
829,10000112,21100001,100002240012544,445210042200001
830,10000113,31100001,100002260012769,967210062200001
831,10000121,12100001,100002420014641,146410024200001
832,10000122,22100001,100002440014884,488410044200001
833,10000201,10200001,100004020040401,104040020400001
834,10000202,20200001,100004040040804,408040040400001
835,10000211,11200001,100004220044521,125440022400001
836,10000212,21200001,100004240044944,449440042400001
837,10000221,12200001,100004420048841,148840024400001
838,10000301,10300001,100006020090601,106090020600001
839,10000311,11300001,100006220096721,127690022600001
840,10001001,10010001,100020021002001,100200120020001
841,10001002,20010001,100020041004004,400400140020001
842,10001003,30010001,100020061006009,900600160020001
843,10001011,11010001,100020221022121,121220122020001
844,10001012,21010001,100020241024144,441420142020001
845,10001013,31010001,100020261026169,961620162020001
846,10001021,12010001,100020421042441,144240124020001
847,10001022,22010001,100020441044484,484440144020001
848,10001031,13010001,100020621062961,169260126020001
849,10001101,10110001,100022021212201,102212120220001
850,10001102,20110001,100022041214404,404412140220001
851,10001103,30110001,100022061216609,906612160220001
852,10001111,11110001,100022221234321,123432122220001
853,10001112,21110001,100022241236544,445632142220001
854,10001113,31110001,100022261238769,967832162220001
855,10001121,12110001,100022421256641,146652124220001
856,10001122,22110001,100022441258884,488852144220001
857,10001201,10210001,100024021442401,104244120420001
858,10001202,20210001,100024041444804,408444140420001
859,10001211,11210001,100024221466521,125664122420001
860,10001212,21210001,100024241468944,449864142420001
861,10001301,10310001,100026021692601,106296120620001
862,10002001,10020001,100040024004001,100400420040001
863,10002002,20020001,100040044008004,400800440040001
864,10002011,11020001,100040224044121,121440422040001
865,10002012,21020001,100040244048144,441840442040001
866,10002021,12020001,100040424084441,144480424040001
867,10002022,22020001,100040444088484,484880444040001
868,10002101,10120001,100042024414201,102414420240001
869,10002102,20120001,100042044418404,404814440240001
870,10002111,11120001,100042224456321,123654422240001
871,10002121,12120001,100042424498641,146894424240001
872,10002201,10220001,100044024844401,104448420440001
873,10002202,20220001,100044044848804,408848440440001
874,10002211,11220001,100044224888521,125888422440001
875,10003001,10030001,100060029006001,100600920060001
876,10003011,11030001,100060229066121,121660922060001
877,10003101,10130001,100062029616201,102616920260001
878,10003111,11130001,100062229678321,123876922260001
879,10010001,10001001,100200120020001,100020021002001
880,10010002,20001001,100200140040004,400040041002001
881,10010003,30001001,100200160060009,900060061002001
882,10010011,11001001,100200320220121,121022023002001
883,10010012,21001001,100200340240144,441042043002001
884,10010013,31001001,100200360260169,961062063002001
885,10010021,12001001,100200520420441,144024025002001
886,10010022,22001001,100200540440484,484044045002001
887,10010031,13001001,100200720620961,169026027002001
888,10010101,10101001,100202122030201,102030221202001
889,10010102,20101001,100202142050404,404050241202001
890,10010103,30101001,100202162070609,906070261202001
891,10010111,11101001,100202322232321,123232223202001
892,10010112,21101001,100202342252544,445252243202001
893,10010113,31101001,100202362272769,967272263202001
894,10010121,12101001,100202522434641,146434225202001
895,10010122,22101001,100202542454884,488454245202001
896,10010201,10201001,100204124060401,104060421402001
897,10010202,20201001,100204144080804,408080441402001
898,10010211,11201001,100204324264521,125462423402001
899,10010212,21201001,100204344284944,449482443402001
900,10010221,12201001,100204524468841,148864425402001
901,10011001,10011001,100220141022001,100220141022001
902,10011002,20011001,100220161044004,400440161022001
903,10011003,30011001,100220181066009,900660181022001
904,10011011,11011001,100220341242121,121242143022001
905,10011012,21011001,100220361264144,441462163022001
906,10011013,31011001,100220381286169,961682183022001
907,10011021,12011001,100220541462441,144264145022001
908,10011022,22011001,100220561484484,484484165022001
909,10011031,13011001,100220741682961,169286147022001
910,10011101,10111001,100222143232201,102232341222001
911,10011102,20111001,100222163254404,404452361222001
912,10011103,30111001,100222183276609,906672381222001
913,10011111,11111001,100222343454321,123454343222001
914,10011112,21111001,100222363476544,445674363222001
915,10011113,31111001,100222383498769,967894383222001
916,10011121,12111001,100222543676641,146676345222001
917,10011122,22111001,100222563698884,488896365222001
918,10011201,10211001,100224145462401,104264541422001
919,10011202,20211001,100224165484804,408484561422001
920,10011211,11211001,100224345686521,125686543422001
921,10012001,10021001,100240164024001,100420461042001
922,10012002,20021001,100240184048004,400840481042001
923,10012011,11021001,100240364264121,121462463042001
924,10012012,21021001,100240384288144,441882483042001
925,10012101,10121001,100242166434201,102434661242001
926,10012102,20121001,100242186458404,404854681242001
927,10012111,11121001,100242366676321,123676663242001
928,10012201,10221001,100244168864401,104468861442001
929,10012202,20221001,100244188888804,408888881442001
930,10013001,10031001,100260189026001,100620981062001
931,10013011,11031001,100260389286121,121682983062001
932,10020001,10002001,100400420040001,100040024004001
933,10020002,20002001,100400440080004,400080044004001
934,10020011,11002001,100400620440121,121044026004001
935,10020012,21002001,100400640480144,441084046004001
936,10020021,12002001,100400820840441,144048028004001
937,10020022,22002001,100400840880484,484088048004001
938,10020101,10102001,100402424050201,102050424204001
939,10020102,20102001,100402444090404,404090444204001
940,10020111,11102001,100402624452321,123254426204001
941,10020112,21102001,100402644492544,445294446204001
942,10020121,12102001,100402824854641,146458428204001
943,10020122,22102001,100402844894884,488498448204001
944,10020201,10202001,100404428080401,104080824404001
945,10020211,11202001,100404628484521,125484826404001
946,10020221,12202001,100404828888841,148888828404001
947,10021001,10012001,100420461042001,100240164024001
948,10021002,20012001,100420481084004,400480184024001
949,10021011,11012001,100420661462121,121264166024001
950,10021021,12012001,100420861882441,144288168024001
951,10021101,10112001,100422465252201,102252564224001
952,10021102,20112001,100422485294404,404492584224001
953,10021111,11112001,100422665674321,123476566224001
954,10021201,10212001,100424469482401,104284964424001
955,10030001,10003001,100600920060001,100060029006001
956,10030101,10103001,100602926070201,102070629206001
957,10031001,10013001,100620981062001,100260189026001
958,10031101,10113001,100622987272201,102272789226001
959,10100001,10000101,102010020200001,100002020010201
960,10100002,20000101,102010040400004,400004040010201
961,10100003,30000101,102010060600009,900006060010201
962,10100011,11000101,102010222200121,121002222010201
963,10100012,21000101,102010242400144,441004242010201
964,10100013,31000101,102010262600169,961006262010201
965,10100021,12000101,102010424200441,144002424010201
966,10100022,22000101,102010444400484,484004444010201
967,10100031,13000101,102010626200961,169002626010201
968,10100101,10100101,102012040210201,102012040210201
969,10100102,20100101,102012060410404,404014060210201
970,10100103,30100101,102012080610609,906016080210201
971,10100111,11100101,102012242212321,123212242210201
972,10100112,21100101,102012262412544,445214262210201
973,10100113,31100101,102012282612769,967216282210201
974,10100121,12100101,102012444214641,146412444210201
975,10100122,22100101,102012464414884,488414464210201
976,10100201,10200101,102014060240401,104042060410201
977,10100202,20200101,102014080440804,408044080410201
978,10100211,11200101,102014262244521,125442262410201
979,10100212,21200101,102014282444944,449444282410201
980,10100221,12200101,102014464248841,148842464410201
981,10100301,10300101,102016080290601,106092080610201
982,10100311,11300101,102016282296721,127692282610201
983,10101001,10010101,102030221202001,100202122030201
984,10101002,20010101,102030241404004,400404142030201
985,10101003,30010101,102030261606009,900606162030201
986,10101011,11010101,102030423222121,121222324030201
987,10101012,21010101,102030443424144,441424344030201
988,10101013,31010101,102030463626169,961626364030201
989,10101021,12010101,102030625242441,144242526030201
990,10101022,22010101,102030645444484,484444546030201
991,10101031,13010101,102030827262961,169262728030201
992,10101101,10110101,102032241412201,102214142230201
993,10101102,20110101,102032261614404,404416162230201
994,10101103,30110101,102032281816609,906618182230201
995,10101111,11110101,102032443434321,123434344230201
996,10101112,21110101,102032463636544,445636364230201
997,10101113,31110101,102032483838769,967838384230201
998,10101121,12110101,102032645456641,146654546230201
999,10101122,22110101,102032665658884,488856566230201
1000,10101201,10210101,102034261642401,104246162430201
1001,10101202,20210101,102034281844804,408448182430201
1002,10101211,11210101,102034463666521,125666364430201
1003,10101212,21210101,102034483868944,449868384430201
1004,10101301,10310101,102036281892601,106298182630201
1005,10102001,10020101,102050424204001,100402424050201
1006,10102002,20020101,102050444408004,400804444050201
1007,10102011,11020101,102050626244121,121442626050201
1008,10102012,21020101,102050646448144,441844646050201
1009,10102021,12020101,102050828284441,144482828050201
1010,10102022,22020101,102050848488484,484884848050201
1011,10102101,10120101,102052444614201,102416444250201
1012,10102102,20120101,102052464818404,404818464250201
1013,10102111,11120101,102052646656321,123656646250201
1014,10102121,12120101,102052848698641,146896848250201
1015,10103001,10030101,102070629206001,100602926070201
1016,10103101,10130101,102072649816201,102618946270201
1017,10110001,10001101,102212120220001,100022021212201
1018,10110002,20001101,102212140440004,400044041212201
1019,10110003,30001101,102212160660009,900066061212201
1020,10110011,11001101,102212322420121,121024223212201
1021,10110012,21001101,102212342640144,441046243212201
1022,10110013,31001101,102212362860169,961068263212201
1023,10110021,12001101,102212524620441,144026425212201
1024,10110022,22001101,102212544840484,484048445212201
1025,10110031,13001101,102212726820961,169028627212201
1026,10110101,10101101,102214142230201,102032241412201
1027,10110102,20101101,102214162450404,404054261412201
1028,10110103,30101101,102214182670609,906076281412201
1029,10110111,11101101,102214344432321,123234443412201
1030,10110112,21101101,102214364652544,445256463412201
1031,10110113,31101101,102214384872769,967278483412201
1032,10110121,12101101,102214546634641,146436645412201
1033,10110122,22101101,102214566854884,488458665412201
1034,10110201,10201101,102216164260401,104062461612201
1035,10110202,20201101,102216184480804,408084481612201
1036,10110211,11201101,102216366464521,125464663612201
1037,10110212,21201101,102216386684944,449486683612201
1038,10110221,12201101,102216568668841,148866865612201
1039,10111001,10011101,102232341222001,100222143232201
1040,10111002,20011101,102232361444004,400444163232201
1041,10111003,30011101,102232381666009,900666183232201
1042,10111011,11011101,102232543442121,121244345232201
1043,10111012,21011101,102232563664144,441466365232201
1044,10111013,31011101,102232583886169,961688385232201
1045,10111021,12011101,102232745662441,144266547232201
1046,10111022,22011101,102232765884484,484488567232201
1047,10111031,13011101,102232947882961,169288749232201
1048,10111101,10111101,102234363432201,102234363432201
1049,10111102,20111101,102234383654404,404456383432201
1050,10111111,11111101,102234565654321,123456565432201
1051,10111112,21111101,102234585876544,445678585432201
1052,10111121,12111101,102234767876641,146678767432201
1053,10111201,10211101,102236385662401,104266583632201
1054,10111211,11211101,102236587886521,125688785632201
1055,10112001,10021101,102252564224001,100422465252201
1056,10112002,20021101,102252584448004,400844485252201
1057,10112011,11021101,102252766464121,121464667252201
1058,10112012,21021101,102252786688144,441886687252201
1059,10112101,10121101,102254586634201,102436685452201
1060,10112111,11121101,102254788876321,123678887452201
1061,10113001,10031101,102272789226001,100622987272201
1062,10120001,10002101,102414420240001,100042024414201
1063,10120002,20002101,102414440480004,400084044414201
1064,10120011,11002101,102414622640121,121046226414201
1065,10120012,21002101,102414642880144,441088246414201
1066,10120101,10102101,102416444250201,102052444614201
1067,10120102,20102101,102416464490404,404094464614201
1068,10120111,11102101,102416646652321,123256646614201
1069,10120112,21102101,102416666892544,445298666614201
1070,10120201,10202101,102418468280401,104082864814201
1071,10121001,10012101,102434661242001,100242166434201
1072,10121002,20012101,102434681484004,400484186434201
1073,10121011,11012101,102434863662121,121266368434201
1074,10121101,10112101,102436685452201,102254586634201
1075,10121111,11112101,102436887874321,123478788634201
1076,10130001,10003101,102616920260001,100062029616201
1077,10130101,10103101,102618946270201,102072649816201
1078,10200001,10000201,104040020400001,100004020040401
1079,10200002,20000201,104040040800004,400008040040401
1080,10200011,11000201,104040224400121,121004422040401
1081,10200012,21000201,104040244800144,441008442040401
1082,10200021,12000201,104040428400441,144004824040401
1083,10200022,22000201,104040448800484,484008844040401
1084,10200101,10100201,104042060410201,102014060240401
1085,10200102,20100201,104042080810404,404018080240401
1086,10200111,11100201,104042264412321,123214462240401
1087,10200112,21100201,104042284812544,445218482240401
1088,10200121,12100201,104042468414641,146414864240401
1089,10200122,22100201,104042488814884,488418884240401
1090,10201001,10010201,104060421402001,100204124060401
1091,10201002,20010201,104060441804004,400408144060401
1092,10201011,11010201,104060625422121,121224526060401
1093,10201012,21010201,104060645824144,441428546060401
1094,10201021,12010201,104060829442441,144244928060401
1095,10201022,22010201,104060849844484,484448948060401
1096,10201101,10110201,104062461612201,102216164260401
1097,10201111,11110201,104062665634321,123436566260401
1098,10201121,12110201,104062869656641,146656968260401
1099,10202001,10020201,104080824404001,100404428080401
1100,10202002,20020201,104080844808004,400808448080401
1101,10202101,10120201,104082864814201,102418468280401
1102,10210001,10001201,104244120420001,100024021442401
1103,10210002,20001201,104244140840004,400048041442401
1104,10210011,11001201,104244324620121,121026423442401
1105,10210021,12001201,104244528820441,144028825442401
1106,10210101,10101201,104246162430201,102034261642401
1107,10210102,20101201,104246182850404,404058281642401
1108,10210111,11101201,104246366632321,123236663642401
1109,10211001,10011201,104264541422001,100224145462401
1110,10211002,20011201,104264561844004,400448165462401
1111,10211011,11011201,104264745642121,121246547462401
1112,10211021,12011201,104264949862441,144268949462401
1113,10211101,10111201,104266583632201,102236385662401
1114,10211111,11111201,104266787854321,123458787662401
1115,10212001,10021201,104284964424001,100424469482401
1116,10212002,20021201,104284984848004,400848489482401
1117,10220001,10002201,104448420440001,100044024844401
1118,10220002,20002201,104448440880004,400088044844401
1119,10220011,11002201,104448624840121,121048426844401
1120,10221001,10012201,104468861442001,100244168864401
1121,10221002,20012201,104468881884004,400488188864401
1122,10300001,10000301,106090020600001,100006020090601
1123,10300011,11000301,106090226600121,121006622090601
1124,10300101,10100301,106092080610201,102016080290601
1125,10300111,11100301,106092286612321,123216682290601
1126,10310001,10001301,106296120620001,100026021692601
1127,10310011,11001301,106296326820121,121028623692601
1128,10310101,10101301,106298182630201,102036281892601
1129,10310111,11101301,106298388832321,123238883892601
1130,11000001,10000011,121000022000001,100000220000121
1131,11000002,20000011,121000044000004,400000440000121
1132,11000003,30000011,121000066000009,900000660000121
1133,11000011,11000011,121000242000121,121000242000121
1134,11000012,21000011,121000264000144,441000462000121
1135,11000013,31000011,121000286000169,961000682000121
1136,11000021,12000011,121000462000441,144000264000121
1137,11000022,22000011,121000484000484,484000484000121
1138,11000031,13000011,121000682000961,169000286000121
1139,11000101,10100011,121002222010201,102010222200121
1140,11000102,20100011,121002244010404,404010442200121
1141,11000103,30100011,121002266010609,906010662200121
1142,11000111,11100011,121002442012321,123210244200121
1143,11000112,21100011,121002464012544,445210464200121
1144,11000113,31100011,121002486012769,967210684200121
1145,11000121,12100011,121002662014641,146410266200121
1146,11000122,22100011,121002684014884,488410486200121
1147,11000201,10200011,121004422040401,104040224400121
1148,11000202,20200011,121004444040804,408040444400121
1149,11000211,11200011,121004642044521,125440246400121
1150,11000212,21200011,121004664044944,449440466400121
1151,11000221,12200011,121004862048841,148840268400121
1152,11000301,10300011,121006622090601,106090226600121
1153,11000311,11300011,121006842096721,127690248600121
1154,11001001,10010011,121022023002001,100200320220121
1155,11001002,20010011,121022045004004,400400540220121
1156,11001003,30010011,121022067006009,900600760220121
1157,11001011,11010011,121022243022121,121220342220121
1158,11001012,21010011,121022265024144,441420562220121
1159,11001013,31010011,121022287026169,961620782220121
1160,11001021,12010011,121022463042441,144240364220121
1161,11001022,22010011,121022485044484,484440584220121
1162,11001031,13010011,121022683062961,169260386220121
1163,11001101,10110011,121024223212201,102212322420121
1164,11001102,20110011,121024245214404,404412542420121
1165,11001103,30110011,121024267216609,906612762420121
1166,11001111,11110011,121024443234321,123432344420121
1167,11001112,21110011,121024465236544,445632564420121
1168,11001113,31110011,121024487238769,967832784420121
1169,11001121,12110011,121024663256641,146652366420121
1170,11001122,22110011,121024685258884,488852586420121
1171,11001201,10210011,121026423442401,104244324620121
1172,11001202,20210011,121026445444804,408444544620121
1173,11001211,11210011,121026643466521,125664346620121
1174,11001212,21210011,121026665468944,449864566620121
1175,11001301,10310011,121028623692601,106296326820121
1176,11002001,10020011,121044026004001,100400620440121
1177,11002002,20020011,121044048008004,400800840440121
1178,11002011,11020011,121044246044121,121440642440121
1179,11002012,21020011,121044268048144,441840862440121
1180,11002021,12020011,121044466084441,144480664440121
1181,11002022,22020011,121044488088484,484880884440121
1182,11002101,10120011,121046226414201,102414622640121
1183,11002102,20120011,121046248418404,404814842640121
1184,11002111,11120011,121046446456321,123654644640121
1185,11002121,12120011,121046666498641,146894666640121
1186,11002201,10220011,121048426844401,104448624840121
1187,11002202,20220011,121048448848804,408848844840121
1188,11002211,11220011,121048646888521,125888646840121
1189,11010001,10001011,121220122020001,100020221022121
1190,11010002,20001011,121220144040004,400040441022121
1191,11010003,30001011,121220166060009,900060661022121
1192,11010011,11001011,121220342220121,121022243022121
1193,11010012,21001011,121220364240144,441042463022121
1194,11010013,31001011,121220386260169,961062683022121
1195,11010021,12001011,121220562420441,144024265022121
1196,11010022,22001011,121220584440484,484044485022121
1197,11010031,13001011,121220782620961,169026287022121
1198,11010101,10101011,121222324030201,102030423222121
1199,11010102,20101011,121222346050404,404050643222121
1200,11010103,30101011,121222368070609,906070863222121
1201,11010111,11101011,121222544232321,123232445222121
1202,11010112,21101011,121222566252544,445252665222121
1203,11010113,31101011,121222588272769,967272885222121
1204,11010121,12101011,121222764434641,146434467222121
1205,11010122,22101011,121222786454884,488454687222121
1206,11010201,10201011,121224526060401,104060625422121
1207,11010202,20201011,121224548080804,408080845422121
1208,11010211,11201011,121224746264521,125462647422121
1209,11010212,21201011,121224768284944,449482867422121
1210,11010221,12201011,121224966468841,148864669422121
1211,11011001,10011011,121242143022001,100220341242121
1212,11011002,20011011,121242165044004,400440561242121
1213,11011003,30011011,121242187066009,900660781242121
1214,11011011,11011011,121242363242121,121242363242121
1215,11011012,21011011,121242385264144,441462583242121
1216,11011021,12011011,121242583462441,144264385242121
1217,11011101,10111011,121244345232201,102232543442121
1218,11011102,20111011,121244367254404,404452763442121
1219,11011103,30111011,121244389276609,906672983442121
1220,11011111,11111011,121244565454321,123454565442121
1221,11011112,21111011,121244587476544,445674785442121
1222,11011121,12111011,121244785676641,146676587442121
1223,11011201,10211011,121246547462401,104264745642121
1224,11011202,20211011,121246569484804,408484965642121
1225,11011211,11211011,121246767686521,125686767642121
1226,11012001,10021011,121264166024001,100420661462121
1227,11012002,20021011,121264188048004,400840881462121
1228,11012011,11021011,121264386264121,121462683462121
1229,11012101,10121011,121266368434201,102434863662121
1230,11012111,11121011,121266588676321,123676885662121
1231,11020001,10002011,121440422040001,100040224044121
1232,11020002,20002011,121440444080004,400080444044121
1233,11020011,11002011,121440642440121,121044246044121
1234,11020012,21002011,121440664480144,441084466044121
1235,11020021,12002011,121440862840441,144048268044121
1236,11020022,22002011,121440884880484,484088488044121
1237,11020101,10102011,121442626050201,102050626244121
1238,11020102,20102011,121442648090404,404090846244121
1239,11020111,11102011,121442846452321,123254648244121
1240,11020112,21102011,121442868492544,445294868244121
1241,11021001,10012011,121462463042001,100240364264121
1242,11021002,20012011,121462485084004,400480584264121
1243,11021011,11012011,121462683462121,121264386264121
1244,11021101,10112011,121464667252201,102252766464121
1245,11021102,20112011,121464689294404,404492986464121
1246,11021111,11112011,121464887674321,123476788464121
1247,11030001,10003011,121660922060001,100060229066121
1248,11031001,10013011,121682983062001,100260389286121
1249,11100001,10000111,123210022200001,100002220012321
1250,11100002,20000111,123210044400004,400004440012321
1251,11100003,30000111,123210066600009,900006660012321
1252,11100011,11000111,123210244200121,121002442012321
1253,11100012,21000111,123210266400144,441004662012321
1254,11100013,31000111,123210288600169,961006882012321
1255,11100021,12000111,123210466200441,144002664012321
1256,11100022,22000111,123210488400484,484004884012321
1257,11100031,13000111,123210688200961,169002886012321
1258,11100101,10100111,123212242210201,102012242212321
1259,11100102,20100111,123212264410404,404014462212321
1260,11100103,30100111,123212286610609,906016682212321
1261,11100111,11100111,123212464212321,123212464212321
1262,11100112,21100111,123212486412544,445214684212321
1263,11100121,12100111,123212686214641,146412686212321
1264,11100201,10200111,123214462240401,104042264412321
1265,11100202,20200111,123214484440804,408044484412321
1266,11100211,11200111,123214684244521,125442486412321
1267,11100301,10300111,123216682290601,106092286612321
1268,11101001,10010111,123232223202001,100202322232321
1269,11101002,20010111,123232245404004,400404542232321
1270,11101003,30010111,123232267606009,900606762232321
1271,11101011,11010111,123232445222121,121222544232321
1272,11101012,21010111,123232467424144,441424764232321
1273,11101013,31010111,123232489626169,961626984232321
1274,11101021,12010111,123232667242441,144242766232321
1275,11101022,22010111,123232689444484,484444986232321
1276,11101031,13010111,123232889262961,169262988232321
1277,11101101,10110111,123234443412201,102214344432321
1278,11101102,20110111,123234465614404,404416564432321
1279,11101103,30110111,123234487816609,906618784432321
1280,11101111,11110111,123234665434321,123434566432321
1281,11101112,21110111,123234687636544,445636786432321
1282,11101121,12110111,123234887456641,146654788432321
1283,11101201,10210111,123236663642401,104246366632321
1284,11101202,20210111,123236685844804,408448586632321
1285,11101211,11210111,123236885666521,125666588632321
1286,11101301,10310111,123238883892601,106298388832321
1287,11102001,10020111,123254426204001,100402624452321
1288,11102002,20020111,123254448408004,400804844452321
1289,11102011,11020111,123254648244121,121442846452321
1290,11102101,10120111,123256646614201,102416646652321
1291,11102102,20120111,123256668818404,404818866652321
1292,11102111,11120111,123256868656321,123656868652321
1293,11110001,10001111,123432122220001,100022221234321
1294,11110002,20001111,123432144440004,400044441234321
1295,11110003,30001111,123432166660009,900066661234321
1296,11110011,11001111,123432344420121,121024443234321
1297,11110012,21001111,123432366640144,441046663234321
1298,11110013,31001111,123432388860169,961068883234321
1299,11110021,12001111,123432566620441,144026665234321
1300,11110022,22001111,123432588840484,484048885234321
1301,11110031,13001111,123432788820961,169028887234321
1302,11110101,10101111,123434344230201,102032443434321
1303,11110102,20101111,123434366450404,404054663434321
1304,11110103,30101111,123434388670609,906076883434321
1305,11110111,11101111,123434566432321,123234665434321
1306,11110112,21101111,123434588652544,445256885434321
1307,11110121,12101111,123434788634641,146436887434321
1308,11110201,10201111,123436566260401,104062665634321
1309,11110202,20201111,123436588480804,408084885634321
1310,11110211,11201111,123436788464521,125464887634321
1311,11111001,10011111,123454343222001,100222343454321
1312,11111002,20011111,123454365444004,400444563454321
1313,11111003,30011111,123454387666009,900666783454321
1314,11111011,11011111,123454565442121,121244565454321
1315,11111012,21011111,123454587664144,441466785454321
1316,11111021,12011111,123454787662441,144266787454321
1317,11111101,10111111,123456565432201,102234565654321
1318,11111102,20111111,123456587654404,404456785654321
1319,11111111,11111111,123456787654321,123456787654321
1320,11111201,10211111,123458787662401,104266787854321
1321,11112001,10021111,123476566224001,100422665674321
1322,11112002,20021111,123476588448004,400844885674321
1323,11112011,11021111,123476788464121,121464887674321
1324,11112101,10121111,123478788634201,102436887874321
1325,11120001,10002111,123654422240001,100042224456321
1326,11120002,20002111,123654444480004,400084444456321
1327,11120011,11002111,123654644640121,121046446456321
1328,11120012,21002111,123654666880144,441088666456321
1329,11120101,10102111,123656646250201,102052646656321
1330,11120102,20102111,123656668490404,404094866656321
1331,11120111,11102111,123656868652321,123256868656321
1332,11121001,10012111,123676663242001,100242366676321
1333,11121002,20012111,123676685484004,400484586676321
1334,11121011,11012111,123676885662121,121266588676321
1335,11121101,10112111,123678887452201,102254788876321
1336,11130001,10003111,123876922260001,100062229678321
1337,11200001,10000211,125440022400001,100004220044521
1338,11200002,20000211,125440044800004,400008440044521
1339,11200011,11000211,125440246400121,121004642044521
1340,11200012,21000211,125440268800144,441008862044521
1341,11200101,10100211,125442262410201,102014262244521
1342,11200102,20100211,125442284810404,404018482244521
1343,11200111,11100211,125442486412321,123214684244521
1344,11201001,10010211,125462423402001,100204324264521
1345,11201002,20010211,125462445804004,400408544264521
1346,11201011,11010211,125462647422121,121224746264521
1347,11201012,21010211,125462669824144,441428966264521
1348,11201101,10110211,125464663612201,102216366464521
1349,11201111,11110211,125464887634321,123436788464521
1350,11202001,10020211,125484826404001,100404628484521
1351,11202002,20020211,125484848808004,400808848484521
1352,11210001,10001211,125664122420001,100024221466521
1353,11210002,20001211,125664144840004,400048441466521
1354,11210011,11001211,125664346620121,121026643466521
1355,11210101,10101211,125666364430201,102034463666521
1356,11210102,20101211,125666386850404,404058683666521
1357,11210111,11101211,125666588632321,123236885666521
1358,11211001,10011211,125686543422001,100224345686521
1359,11211002,20011211,125686565844004,400448565686521
1360,11211011,11011211,125686767642121,121246767686521
1361,11211101,10111211,125688785632201,102236587886521
1362,11220001,10002211,125888422440001,100044224888521
1363,11220002,20002211,125888444880004,400088444888521
1364,11220011,11002211,125888646840121,121048646888521
1365,11300001,10000311,127690022600001,100006220096721
1366,11300011,11000311,127690248600121,121006842096721
1367,11300101,10100311,127692282610201,102016282296721
1368,12000001,10000021,144000024000001,100000420000441
1369,12000002,20000021,144000048000004,400000840000441
1370,12000011,11000021,144000264000121,121000462000441
1371,12000012,21000021,144000288000144,441000882000441
1372,12000101,10100021,144002424010201,102010424200441
1373,12000102,20100021,144002448010404,404010844200441
1374,12000111,11100021,144002664012321,123210466200441
1375,12000112,21100021,144002688012544,445210886200441
1376,12000201,10200021,144004824040401,104040428400441
1377,12000202,20200021,144004848040804,408040848400441
1378,12001001,10010021,144024025002001,100200520420441
1379,12001002,20010021,144024049004004,400400940420441
1380,12001011,11010021,144024265022121,121220562420441
1381,12001012,21010021,144024289024144,441420982420441
1382,12001101,10110021,144026425212201,102212524620441
1383,12001102,20110021,144026449214404,404412944620441
1384,12001111,11110021,144026665234321,123432566620441
1385,12001112,21110021,144026689236544,445632986620441
1386,12001201,10210021,144028825442401,104244528820441
1387,12001202,20210021,144028849444804,408444948820441
1388,12002001,10020021,144048028004001,100400820840441
1389,12002011,11020021,144048268044121,121440862840441
1390,12010001,10001021,144240124020001,100020421042441
1391,12010002,20001021,144240148040004,400040841042441
1392,12010011,11001021,144240364220121,121022463042441
1393,12010012,21001021,144240388240144,441042883042441
1394,12010101,10101021,144242526030201,102030625242441
1395,12010111,11101021,144242766232321,123232667242441
1396,12010201,10201021,144244928060401,104060829442441
1397,12011001,10011021,144264145022001,100220541462441
1398,12011002,20011021,144264169044004,400440961462441
1399,12011011,11011021,144264385242121,121242583462441
1400,12011101,10111021,144266547232201,102232745662441
1401,12011111,11111021,144266787454321,123454787662441
1402,12011201,10211021,144268949462401,104264949862441
1403,12012001,10021021,144288168024001,100420861882441
1404,12020001,10002021,144480424040001,100040424084441
1405,12020002,20002021,144480448080004,400080844084441
1406,12020011,11002021,144480664440121,121044466084441
1407,12020012,21002021,144480688480144,441084886084441
1408,12020101,10102021,144482828050201,102050828284441
1409,12100001,10000121,146410024200001,100002420014641
1410,12100002,20000121,146410048400004,400004840014641
1411,12100011,11000121,146410266200121,121002662014641
1412,12100101,10100121,146412444210201,102012444214641
1413,12100102,20100121,146412468410404,404014864214641
1414,12100111,11100121,146412686212321,123212686214641
1415,12100201,10200121,146414864240401,104042468414641
1416,12100202,20200121,146414888440804,408044888414641
1417,12101001,10010121,146434225202001,100202522434641
1418,12101002,20010121,146434249404004,400404942434641
1419,12101011,11010121,146434467222121,121222764434641
1420,12101101,10110121,146436645412201,102214546634641
1421,12101102,20110121,146436669614404,404416966634641
1422,12101111,11110121,146436887434321,123434788634641
1423,12102001,10020121,146458428204001,100402824854641
1424,12110001,10001121,146652124220001,100022421256641
1425,12110002,20001121,146652148440004,400044841256641
1426,12110011,11001121,146652366420121,121024663256641
1427,12110101,10101121,146654546230201,102032645456641
1428,12110111,11101121,146654788432321,123234887456641
1429,12110201,10201121,146656968260401,104062869656641
1430,12111001,10011121,146676345222001,100222543676641
1431,12111002,20011121,146676369444004,400444963676641
1432,12111011,11011121,146676587442121,121244785676641
1433,12111101,10111121,146678767432201,102234767876641
1434,12120001,10002121,146894424240001,100042424498641
1435,12120002,20002121,146894448480004,400084844498641
1436,12120011,11002121,146894666640121,121046666498641
1437,12120101,10102121,146896848250201,102052848698641
1438,12200001,10000221,148840024400001,100004420048841
1439,12200002,20000221,148840048800004,400008840048841
1440,12200011,11000221,148840268400121,121004862048841
1441,12200101,10100221,148842464410201,102014464248841
1442,12200102,20100221,148842488810404,404018884248841
1443,12201001,10010221,148864425402001,100204524468841
1444,12201002,20010221,148864449804004,400408944468841
1445,12201011,11010221,148864669422121,121224966468841
1446,12201101,10110221,148866865612201,102216568668841
1447,12202001,10020221,148888828404001,100404828888841
1448,13000001,10000031,169000026000001,100000620000961
1449,13000011,11000031,169000286000121,121000682000961
1450,13000101,10100031,169002626010201,102010626200961
1451,13000111,11100031,169002886012321,123210688200961
1452,13001001,10010031,169026027002001,100200720620961
1453,13001011,11010031,169026287022121,121220782620961
1454,13001101,10110031,169028627212201,102212726820961
1455,13001111,11110031,169028887234321,123432788820961
1456,13010001,10001031,169260126020001,100020621062961
1457,13010011,11001031,169260386220121,121022683062961
1458,13010101,10101031,169262728030201,102030827262961
1459,13010111,11101031,169262988232321,123232889262961
1460,13011001,10011031,169286147022001,100220741682961
1461,13011101,10111031,169288749232201,102232947882961
1462,20000001,10000002,400000040000001,100000040000004
1463,20000002,20000002,400000080000004,400000080000004
1464,20000011,11000002,400000440000121,121000044000004
1465,20000012,21000002,400000480000144,441000084000004
1466,20000021,12000002,400000840000441,144000048000004
1467,20000022,22000002,400000880000484,484000088000004
1468,20000101,10100002,400004040010201,102010040400004
1469,20000102,20100002,400004080010404,404010080400004
1470,20000111,11100002,400004440012321,123210044400004
1471,20000112,21100002,400004480012544,445210084400004
1472,20000121,12100002,400004840014641,146410048400004
1473,20000122,22100002,400004880014884,488410088400004
1474,20000201,10200002,400008040040401,104040040800004
1475,20000202,20200002,400008080040804,408040080800004
1476,20000211,11200002,400008440044521,125440044800004
1477,20000212,21200002,400008480044944,449440084800004
1478,20000221,12200002,400008840048841,148840048800004
1479,20001001,10010002,400040041002001,100200140040004
1480,20001002,20010002,400040081004004,400400180040004
1481,20001011,11010002,400040441022121,121220144040004
1482,20001012,21010002,400040481024144,441420184040004
1483,20001021,12010002,400040841042441,144240148040004
1484,20001022,22010002,400040881044484,484440188040004
1485,20001101,10110002,400044041212201,102212140440004
1486,20001102,20110002,400044081214404,404412180440004
1487,20001111,11110002,400044441234321,123432144440004
1488,20001112,21110002,400044481236544,445632184440004
1489,20001121,12110002,400044841256641,146652148440004
1490,20001122,22110002,400044881258884,488852188440004
1491,20001201,10210002,400048041442401,104244140840004
1492,20001202,20210002,400048081444804,408444180840004
1493,20001211,11210002,400048441466521,125664144840004
1494,20001212,21210002,400048481468944,449864184840004
1495,20002001,10020002,400080044004001,100400440080004
1496,20002002,20020002,400080084008004,400800480080004
1497,20002011,11020002,400080444044121,121440444080004
1498,20002012,21020002,400080484048144,441840484080004
1499,20002021,12020002,400080844084441,144480448080004
1500,20002022,22020002,400080884088484,484880488080004
1501,20002101,10120002,400084044414201,102414440480004
1502,20002102,20120002,400084084418404,404814480480004
1503,20002111,11120002,400084444456321,123654444480004
1504,20002121,12120002,400084844498641,146894448480004
1505,20002201,10220002,400088044844401,104448440880004
1506,20002202,20220002,400088084848804,408848480880004
1507,20002211,11220002,400088444888521,125888444880004
1508,20010001,10001002,400400140020001,100020041004004
1509,20010002,20001002,400400180040004,400040081004004
1510,20010011,11001002,400400540220121,121022045004004
1511,20010012,21001002,400400580240144,441042085004004
1512,20010021,12001002,400400940420441,144024049004004
1513,20010022,22001002,400400980440484,484044089004004
1514,20010101,10101002,400404142030201,102030241404004
1515,20010102,20101002,400404182050404,404050281404004
1516,20010111,11101002,400404542232321,123232245404004
1517,20010112,21101002,400404582252544,445252285404004
1518,20010121,12101002,400404942434641,146434249404004
1519,20010122,22101002,400404982454884,488454289404004
1520,20010201,10201002,400408144060401,104060441804004
1521,20010202,20201002,400408184080804,408080481804004
1522,20010211,11201002,400408544264521,125462445804004
1523,20010212,21201002,400408584284944,449482485804004
1524,20010221,12201002,400408944468841,148864449804004
1525,20011001,10011002,400440161022001,100220161044004
1526,20011011,11011002,400440561242121,121242165044004
1527,20011021,12011002,400440961462441,144264169044004
1528,20011101,10111002,400444163232201,102232361444004
1529,20011111,11111002,400444563454321,123454365444004
1530,20011121,12111002,400444963676641,146676369444004
1531,20011201,10211002,400448165462401,104264561844004
1532,20011211,11211002,400448565686521,125686565844004
1533,20012001,10021002,400480184024001,100420481084004
1534,20012011,11021002,400480584264121,121462485084004
1535,20012101,10121002,400484186434201,102434681484004
1536,20012111,11121002,400484586676321,123676685484004
1537,20012201,10221002,400488188864401,104468881884004
1538,20020001,10002002,400800440040001,100040044008004
1539,20020002,20002002,400800480080004,400080084008004
1540,20020011,11002002,400800840440121,121044048008004
1541,20020012,21002002,400800880480144,441084088008004
1542,20020101,10102002,400804444050201,102050444408004
1543,20020102,20102002,400804484090404,404090484408004
1544,20020111,11102002,400804844452321,123254448408004
1545,20020112,21102002,400804884492544,445294488408004
1546,20020201,10202002,400808448080401,104080844808004
1547,20020211,11202002,400808848484521,125484848808004
1548,20021001,10012002,400840481042001,100240184048004
1549,20021011,11012002,400840881462121,121264188048004
1550,20021101,10112002,400844485252201,102252584448004
1551,20021111,11112002,400844885674321,123476588448004
1552,20021201,10212002,400848489482401,104284984848004
1553,20100001,10000102,404010040200001,100002040010404
1554,20100002,20000102,404010080400004,400004080010404
1555,20100011,11000102,404010442200121,121002244010404
1556,20100012,21000102,404010482400144,441004284010404
1557,20100021,12000102,404010844200441,144002448010404
1558,20100022,22000102,404010884400484,484004488010404
1559,20100101,10100102,404014060210201,102012060410404
1560,20100111,11100102,404014462212321,123212264410404
1561,20100121,12100102,404014864214641,146412468410404
1562,20100201,10200102,404018080240401,104042080810404
1563,20100211,11200102,404018482244521,125442284810404
1564,20100221,12200102,404018884248841,148842488810404
1565,20101001,10010102,404050241202001,100202142050404
1566,20101002,20010102,404050281404004,400404182050404
1567,20101011,11010102,404050643222121,121222346050404
1568,20101012,21010102,404050683424144,441424386050404
1569,20101101,10110102,404054261412201,102214162450404
1570,20101111,11110102,404054663434321,123434366450404
1571,20101201,10210102,404058281642401,104246182850404
1572,20101211,11210102,404058683666521,125666386850404
1573,20102001,10020102,404090444204001,100402444090404
1574,20102002,20020102,404090484408004,400804484090404
1575,20102011,11020102,404090846244121,121442648090404
1576,20102012,21020102,404090886448144,441844688090404
1577,20102101,10120102,404094464614201,102416464490404
1578,20102111,11120102,404094866656321,123656668490404
1579,20110001,10001102,404412140220001,100022041214404
1580,20110002,20001102,404412180440004,400044081214404
1581,20110011,11001102,404412542420121,121024245214404
1582,20110012,21001102,404412582640144,441046285214404
1583,20110021,12001102,404412944620441,144026449214404
1584,20110022,22001102,404412984840484,484048489214404
1585,20110101,10101102,404416162230201,102032261614404
1586,20110111,11101102,404416564432321,123234465614404
1587,20110121,12101102,404416966634641,146436669614404
1588,20111001,10011102,404452361222001,100222163254404
1589,20111011,11011102,404452763442121,121244367254404
1590,20111101,10111102,404456383432201,102234383654404
1591,20111111,11111102,404456785654321,123456587654404
1592,20112001,10021102,404492584224001,100422485294404
1593,20112011,11021102,404492986464121,121464689294404
1594,20120001,10002102,404814440240001,100042044418404
1595,20120002,20002102,404814480480004,400084084418404
1596,20120011,11002102,404814842640121,121046248418404
1597,20120012,21002102,404814882880144,441088288418404
1598,20120101,10102102,404818464250201,102052464818404
1599,20120111,11102102,404818866652321,123256668818404
1600,20121001,10012102,404854681242001,100242186458404
1601,20200001,10000202,408040040400001,100004040040804
1602,20200002,20000202,408040080800004,400008080040804
1603,20200011,11000202,408040444400121,121004444040804
1604,20200012,21000202,408040484800144,441008484040804
1605,20200021,12000202,408040848400441,144004848040804
1606,20200022,22000202,408040888800484,484008888040804
1607,20200101,10100202,408044080410201,102014080440804
1608,20200111,11100202,408044484412321,123214484440804
1609,20200121,12100202,408044888414641,146414888440804
1610,20201001,10010202,408080441402001,100204144080804
1611,20201002,20010202,408080481804004,400408184080804
1612,20201011,11010202,408080845422121,121224548080804
1613,20201012,21010202,408080885824144,441428588080804
1614,20201101,10110202,408084481612201,102216184480804
1615,20201111,11110202,408084885634321,123436588480804
1616,20210001,10001202,408444140420001,100024041444804
1617,20210002,20001202,408444180840004,400048081444804
1618,20210011,11001202,408444544620121,121026445444804
1619,20210021,12001202,408444948820441,144028849444804
1620,20210101,10101202,408448182430201,102034281844804
1621,20210111,11101202,408448586632321,123236685844804
1622,20211001,10011202,408484561422001,100224165484804
1623,20211011,11011202,408484965642121,121246569484804
1624,20220001,10002202,408848440440001,100044044848804
1625,20220002,20002202,408848480880004,400088084848804
1626,20220011,11002202,408848844840121,121048448848804
1627,20221001,10012202,408888881442001,100244188888804
1628,21000001,10000012,441000042000001,100000240000144
1629,21000002,20000012,441000084000004,400000480000144
1630,21000011,11000012,441000462000121,121000264000144
1631,21000021,12000012,441000882000441,144000288000144
1632,21000101,10100012,441004242010201,102010242400144
1633,21000102,20100012,441004284010404,404010482400144
1634,21000111,11100012,441004662012321,123210266400144
1635,21000201,10200012,441008442040401,104040244800144
1636,21000202,20200012,441008484040804,408040484800144
1637,21000211,11200012,441008862044521,125440268800144
1638,21001001,10010012,441042043002001,100200340240144
1639,21001002,20010012,441042085004004,400400580240144
1640,21001011,11010012,441042463022121,121220364240144
1641,21001021,12010012,441042883042441,144240388240144
1642,21001101,10110012,441046243212201,102212342640144
1643,21001102,20110012,441046285214404,404412582640144
1644,21001111,11110012,441046663234321,123432366640144
1645,21002001,10020012,441084046004001,100400640480144
1646,21002002,20020012,441084088008004,400800880480144
1647,21002011,11020012,441084466044121,121440664480144
1648,21002021,12020012,441084886084441,144480688480144
1649,21002101,10120012,441088246414201,102414642880144
1650,21002102,20120012,441088288418404,404814882880144
1651,21002111,11120012,441088666456321,123654666880144
1652,21010001,10001012,441420142020001,100020241024144
1653,21010002,20001012,441420184040004,400040481024144
1654,21010011,11001012,441420562220121,121022265024144
1655,21010021,12001012,441420982420441,144024289024144
1656,21010101,10101012,441424344030201,102030443424144
1657,21010102,20101012,441424386050404,404050683424144
1658,21010111,11101012,441424764232321,123232467424144
1659,21010201,10201012,441428546060401,104060645824144
1660,21010202,20201012,441428588080804,408080885824144
1661,21010211,11201012,441428966264521,125462669824144
1662,21011001,10011012,441462163022001,100220361264144
1663,21011011,11011012,441462583242121,121242385264144
1664,21011101,10111012,441466365232201,102232563664144
1665,21011111,11111012,441466785454321,123454587664144
1666,21020001,10002012,441840442040001,100040244048144
1667,21020002,20002012,441840484080004,400080484048144
1668,21020011,11002012,441840862440121,121044268048144
1669,21020101,10102012,441844646050201,102050646448144
1670,21020102,20102012,441844688090404,404090886448144
1671,21021001,10012012,441882483042001,100240384288144
1672,21021101,10112012,441886687252201,102252786688144
1673,21100001,10000112,445210042200001,100002240012544
1674,21100002,20000112,445210084400004,400004480012544
1675,21100011,11000112,445210464200121,121002464012544
1676,21100021,12000112,445210886200441,144002688012544
1677,21100101,10100112,445214262210201,102012262412544
1678,21100111,11100112,445214684212321,123212486412544
1679,21100201,10200112,445218482240401,104042284812544
1680,21101001,10010112,445252243202001,100202342252544
1681,21101002,20010112,445252285404004,400404582252544
1682,21101011,11010112,445252665222121,121222566252544
1683,21101101,10110112,445256463412201,102214364652544
1684,21101111,11110112,445256885434321,123434588652544
1685,21102001,10020112,445294446204001,100402644492544
1686,21102002,20020112,445294488408004,400804884492544
1687,21102011,11020112,445294868244121,121442868492544
1688,21102101,10120112,445298666614201,102416666892544
1689,21110001,10001112,445632142220001,100022241236544
1690,21110002,20001112,445632184440004,400044481236544
1691,21110011,11001112,445632564420121,121024465236544
1692,21110021,12001112,445632986620441,144026689236544
1693,21110101,10101112,445636364230201,102032463636544
1694,21110111,11101112,445636786432321,123234687636544
1695,21111001,10011112,445674363222001,100222363476544
1696,21111011,11011112,445674785442121,121244587476544
1697,21111101,10111112,445678585432201,102234585876544
1698,21200001,10000212,449440042400001,100004240044944
1699,21200002,20000212,449440084800004,400008480044944
1700,21200011,11000212,449440466400121,121004664044944
1701,21200101,10100212,449444282410201,102014282444944
1702,21201001,10010212,449482443402001,100204344284944
1703,21201002,20010212,449482485804004,400408584284944
1704,21201011,11010212,449482867422121,121224768284944
1705,21201101,10110212,449486683612201,102216386684944
1706,21210001,10001212,449864142420001,100024241468944
1707,21210002,20001212,449864184840004,400048481468944
1708,21210011,11001212,449864566620121,121026665468944
1709,21210101,10101212,449868384430201,102034483868944
1710,22000001,10000022,484000044000001,100000440000484
1711,22000002,20000022,484000088000004,400000880000484
1712,22000011,11000022,484000484000121,121000484000484
1713,22000101,10100022,484004444010201,102010444400484
1714,22000102,20100022,484004488010404,404010884400484
1715,22000111,11100022,484004884012321,123210488400484
1716,22000201,10200022,484008844040401,104040448800484
1717,22000202,20200022,484008888040804,408040888800484
1718,22001001,10010022,484044045002001,100200540440484
1719,22001002,20010022,484044089004004,400400980440484
1720,22001011,11010022,484044485022121,121220584440484
1721,22001101,10110022,484048445212201,102212544840484
1722,22001102,20110022,484048489214404,404412984840484
1723,22001111,11110022,484048885234321,123432588840484
1724,22002001,10020022,484088048004001,100400840880484
1725,22002011,11020022,484088488044121,121440884880484
1726,22010001,10001022,484440144020001,100020441044484
1727,22010002,20001022,484440188040004,400040881044484
1728,22010011,11001022,484440584220121,121022485044484
1729,22010101,10101022,484444546030201,102030645444484
1730,22010111,11101022,484444986232321,123232689444484
1731,22010201,10201022,484448948060401,104060849844484
1732,22011001,10011022,484484165022001,100220561484484
1733,22011101,10111022,484488567232201,102232765884484
1734,22020001,10002022,484880444040001,100040444088484
1735,22020002,20002022,484880488080004,400080884088484
1736,22020011,11002022,484880884440121,121044488088484
1737,22020101,10102022,484884848050201,102050848488484
1738,22100001,10000122,488410044200001,100002440014884
1739,22100002,20000122,488410088400004,400004880014884
1740,22100011,11000122,488410486200121,121002684014884
1741,22100101,10100122,488414464210201,102012464414884
1742,22100201,10200122,488418884240401,104042488814884
1743,22101001,10010122,488454245202001,100202542454884
1744,22101002,20010122,488454289404004,400404982454884
1745,22101011,11010122,488454687222121,121222786454884
1746,22101101,10110122,488458665412201,102214566854884
1747,22102001,10020122,488498448204001,100402844894884
1748,22110001,10001122,488852144220001,100022441258884
1749,22110002,20001122,488852188440004,400044881258884
1750,22110011,11001122,488852586420121,121024685258884
1751,22110101,10101122,488856566230201,102032665658884
1752,22111001,10011122,488896365222001,100222563698884
1753,30000001,10000003,900000060000001,100000060000009
1754,30000011,11000003,900000660000121,121000066000009
1755,30000101,10100003,900006060010201,102010060600009
1756,30000111,11100003,900006660012321,123210066600009
1757,30001001,10010003,900060061002001,100200160060009
1758,30001011,11010003,900060661022121,121220166060009
1759,30001101,10110003,900066061212201,102212160660009
1760,30001111,11110003,900066661234321,123432166660009
1761,30010001,10001003,900600160020001,100020061006009
1762,30010011,11001003,900600760220121,121022067006009
1763,30010101,10101003,900606162030201,102030261606009
1764,30010111,11101003,900606762232321,123232267606009
1765,30011001,10011003,900660181022001,100220181066009
1766,30011011,11011003,900660781242121,121242187066009
1767,30011101,10111003,900666183232201,102232381666009
1768,30011111,11111003,900666783454321,123454387666009
1769,30100001,10000103,906010060200001,100002060010609
1770,30100011,11000103,906010662200121,121002266010609
1771,30100101,10100103,906016080210201,102012080610609
1772,30100111,11100103,906016682212321,123212286610609
1773,30101001,10010103,906070261202001,100202162070609
1774,30101011,11010103,906070863222121,121222368070609
1775,30101101,10110103,906076281412201,102214182670609
1776,30101111,11110103,906076883434321,123434388670609
1777,30110001,10001103,906612160220001,100022061216609
1778,30110011,11001103,906612762420121,121024267216609
1779,30110101,10101103,906618182230201,102032281816609
1780,30110111,11101103,906618784432321,123234487816609
1781,30111001,10011103,906672381222001,100222183276609
1782,30111011,11011103,906672983442121,121244389276609
1783,31000001,10000013,961000062000001,100000260000169
1784,31000011,11000013,961000682000121,121000286000169
1785,31000101,10100013,961006262010201,102010262600169
1786,31000111,11100013,961006882012321,123210288600169
1787,31001001,10010013,961062063002001,100200360260169
1788,31001011,11010013,961062683022121,121220386260169
1789,31001101,10110013,961068263212201,102212362860169
1790,31001111,11110013,961068883234321,123432388860169
1791,31010001,10001013,961620162020001,100020261026169
1792,31010011,11001013,961620782220121,121022287026169
1793,31010101,10101013,961626364030201,102030463626169
1794,31010111,11101013,961626984232321,123232489626169
1795,31011001,10011013,961682183022001,100220381286169
1796,31011101,10111013,961688385232201,102232583886169
1797,31100001,10000113,967210062200001,100002260012769
1798,31100011,11000113,967210684200121,121002486012769
1799,31100101,10100113,967216282210201,102012282612769
1800,31101001,10010113,967272263202001,100202362272769
1801,31101011,11010113,967272885222121,121222588272769
1802,31101101,10110113,967278483412201,102214384872769
1803,31110001,10001113,967832162220001,100022261238769
1804,31110011,11001113,967832784420121,121024487238769
1805,31110101,10101113,967838384230201,102032483838769
1806,31111001,10011113,967894383222001,100222383498769

The Code Book - Simon Seingh